9.823899646630107 949.278538659727 16.66028230237355 942.9574011907447
561.20342456613 875.0482086281568 563.9816695824567 877.5046507319297
899.7858903600337 402.8780589622057 901.4173277016527 403.0666322404166
328.517174876808 433.52084754747375 331.9662433446342 430.72957663207177
48.722407962775385 654.8630089704977 41.694515759790534 660.4932987840219
500.23382686480045 372.5614902023736 509.3181779421602 374.4161538030869
97.90138302997332 77.68615271730206 99.82962246236025 78.60691832353476
708.4078758564445 546.789868843577 710.3988796557023 539.4852687371737
735.2750206627608 134.57563705590513 738.2315481122351 127.11935064997951
984.2665897231998 322.753269770663 990.7001165976999 320.2260447067727
855.9464665104932 99.89528491215749 865.2886182135101 97.3903922276727
404.00162404210846 95.13758597472433 407.9839853627339 98.01148676530117
412.60299974542494 710.9379260690993 417.18618372112934 708.69450272363
725.1383296469556 660.4636129702495 728.1229153780755 654.4113964002356
131.90683814901095 76.04475780714593 128.59320820373128 77.92549954706543
98.14744301694256 371.09912200067987 100.78250009126783 362.5572895507502
291.3682624998857 641.2064590581037 287.5796846011157 646.4100959200721
625.3921039959763 310.49161462297235 625.5811312521151 311.91297643608175
839.4631791643362 948.5237963542622 841.6938917409244 943.1368634561359
516.7898223925092 673.559741044782 515.3562731607094 680.0296528896978
318.2518968103307 567.5395978590021 326.3266836863637 562.9436239097507
288.97331187424726 499.18984630397534 285.0428718716979 498.0369418101819
220.69466380452084 865.8176369297809 212.6255141743754 870.6739330221617
500.1799544167594 998.161544636976 502.0867987063439 1000.8084426247165
150.75568979824428 775.4020121436175 156.61737373836576 771.5868648193598
201.89823500516547 529.0703052533139 207.38102087069814 526.6144711709024
20.03006539291885 973.5914690811123 21.012580630407275 973.564081541183
107.26484351989562 60.842605806623155 115.58980042237569 60.34586597796307
679.1378444637434 714.0650733948112 678.375405962016 722.4734975474852
462.0323204244531 962.6257530791678 457.81131502827697 969.693580831289
952.0006225168823 238.8391396178169 947.9271172200489 236.92852650821652
361.8736648631734 45.401378666684366 358.51752118832115 48.68094455654013
100.40876841725854 143.66961968135294 98.7872397217674 135.95091463579382
953.1427351479621 683.4178449016972 955.5813184922827 678.4558179512853
243.8810939317787 244.05572326756476 244.03689577437603 244.01656689005884
542.4457330121242 361.1167497527156 537.5311460097095 358.52034133604946
473.59736814177245 435.16437948079835 476.4735575571092 435.3135310509875
268.05688962636407 360.8966554073459 271.7118212670618 351.77306349150786
908.5449351835007 119.81460640464603 908.2919498009315 115.58850012080102
461.2435260399446 947.7179874232869 465.632606699624 945.8204303850929
58.09254699251143 909.1723364062111 58.041591496949835 904.6889030702957
664.8206302136091 233.56951147789374 670.6223563815872 237.1533973938988
197.2535874805018 712.6031312232815 198.43937311398471 708.8385841335676
778.8081507297313 693.3459199187466 780.2785009040686 693.2605120030568
129.3188791875136 258.3938837047517 132.28675207089873 257.0683620545214
259.6925264585114 131.63123644756004 263.8707244918235 130.4723974226514
541.2631897856837 737.1774611140393 541.2697102919747 737.5401390573054
590.1023513490983 455.10060933586703 585.5693903705405 460.38653347397513
865.9157035658961 627.6950570856094 867.7873668881916 632.7630256379578
753.4495633576354 976.890466899852 745.0972035018798 978.8710147394618
472.5419961352011 88.04269789466146 466.9580367817514 92.72721289088136
788.587601176145 752.9517585305186 788.2764946676853 753.9615272740584
996.5607263665815 233.88200205754862 994.3695541228528 229.44084489794233
960.7630299493683 998.6769580956659 966.059512850055 995.3455416210867
163.50095059388815 804.7001642713238 168.1720817943554 806.054829488319
582.4488737361003 601.2292251432552 579.2952312219016 598.4127990922262
71.58478522396727 674.6642851102038 67.6088170283971 677.28196849166
406.94186514578723 891.3077331376088 410.565353904142 888.2653367213262
92.35266569761214 488.6123962906862 90.61587548284963 486.5794038792205
707.5679570001648 616.0842027255347 704.5025250607963 616.2396439458843
807.3557664872835 789.3568422620641 807.9143461871033 791.0621693179423
635.0717324299835 51.622505208909764 635.5513779501638 55.642642509776245
173.22464263306347 892.2651040735943 174.29506622043726 890.5095538571911
812.6019270807826 397.73211896178105 810.2976074502033 395.8427161178441
837.6407222018881 589.5423111030753 835.9664557145189 587.6967806298865
206.51552075512168 882.9907166322098 209.3300737320216 891.7465581901539
34.178628209573844 749.6582338408492 38.92884093047637 748.3749821536296
866.7715488586638 587.208410163618 866.3338418401322 583.7179323698988
768.1369899778649 902.8285700166631 765.9234381055163 909.6625571414529
978.2241288597161 944.8988329372671 975.7434249868021 940.2279050083462
747.8267333128432 785.1124403975691 757.3499265645636 785.6544875464142
48.39617383161976 147.62299311341397 49.625597167289406 148.94193992864678
77.89772943836459 727.7920688918593 77.35973279741397 726.1612962124193
95.04145953664633 802.747447444858 92.81007845428559 801.9523828981352
2.464332357173027 773.6919058076703 2.4684818635307595 772.9889833311074
545.5265709498643 307.8767846065907 542.5209376791877 309.8244099045523
556.9439877527271 804.0490928101607 549.7419015864317 798.8295138501425
297.82987989136257 195.21568621432905 304.6283473521014 194.04300349951095
436.92654519281507 934.9296535143307 438.22946876951164 935.2078079821445
295.88664591611024 923.6734575549373 293.4202123014887 925.2753256493347
824.5809480495924 271.2827918176497 821.6708346615728 276.23148989617056
85.05561815364248 230.69484847086497 84.3563090145295 232.49491435464395
437.5224796599332 632.0906406968712 429.54258010337975 633.2209925556107
783.7775515672805 834.3758309133567 783.7945002552171 830.3017073568036
56.255527083157176 297.5749016770292 55.44634505738954 302.8591527641091
379.55881428599605 290.37922642971694 376.71877466491424 294.83872405876224
459.7840336062755 750.9681181209266 463.8477381554286 749.013047967706
588.6031423342779 350.0905714321979 590.393560838309 356.69710720427986
445.18611676313833 162.5950597481567 445.0594005157251 158.70645378167748
534.3066994636641 507.57542242387456 532.352465458578 510.9623272803902
634.1677108490782 848.988578578777 632.9903456812428 851.6826517132392
844.5682791428127 276.9092470965928 843.8877090534058 277.07636567711387
212.70886437693193 866.7256218339735 207.5656352589331 868.8359688798768
3.8574967172413377 62.58962016349645 2.177514103021104 62.65245196948894
311.206436857223 795.4460427579511 308.46243985712164 796.245899117891
172.26427650523212 359.77157432681906 171.29839991061257 359.8205402831529
494.40542935145913 750.8496582213359 494.38211195604435 756.9892627272077
781.8176059562569 842.464295021811 786.0035043708295 844.8635494243894
474.2458502146518 264.359069951164 475.91918485026997 255.4642940508883
754.5744025254627 30.302805627613893 753.3577942683911 35.18168601075045
515.6916304167212 469.6512008496311 521.8711334079937 467.9740996487454
675.7327633031225 540.817220819765 676.732066259733 539.1874520133908
140.55336787192329 555.1634171191437 137.55012211341088 560.2616487037919
436.5299167895755 788.5795831137738 437.6681436502885 792.7507070063433
930.1631638518365 895.394338312996 927.1769537351578 892.8875707841593
301.3519669944006 768.030598082936 301.64643828041653 771.569747016271
996.9353795319855 395.54744959566193 1004.3671212823537 399.05677844052263
450.06091111102086 586.4284644510212 451.5262425025558 587.1294316881717
263.73919371587175 324.5962033419059 258.1450483246083 324.9054689508679
343.1060954568753 419.5292043405009 338.42909341319455 416.7584466623766
589.6672352855373 232.09730623373414 589.1703820110398 241.99665326456025
488.0455115944785 601.8831377235316 490.5171048047002 602.44621898714
385.17769554926883 707.6651746469145 375.9289550470761 703.9271088774802
745.996017426153 672.156884845395 749.7257964144117 669.5680710040546
322.0581286049259 855.4785455734182 319.5509629995675 847.1895866540201
254.4697112792429 629.2922192842345 251.39930635422724 631.9567051072796
124.60322304529059 339.9032085948116 124.29881135084857 335.2288956581498
932.9212338650256 799.9673255205025 937.2097547045132 799.7238318598052
640.7809704262187 947.0474577532817 638.0370993385187 945.8059841184893
918.4375287222737 552.897846546512 918.0861181843438 560.1450453116707
239.49006840860054 531.1195945103912 239.62483574820953 531.4338171598538
234.22715996601994 946.5135304133064 228.47176762949738 945.279035436934
554.0385858827184 840.6937073223195 552.4535329048692 834.2999083511581
32.1713597706591 190.9451381245949 31.89232805095375 194.832946486105
534.5276245153002 385.8045909076139 533.2831470615788 385.33800030225467
920.9797769550665 633.0970767468831 920.293414042141 624.310356024777
415.97182167020986 179.33622339144583 417.50370112634107 187.52954156443408
459.4205784309583 915.7779465590415 456.2328842647342 915.5293678854835
886.3197134686556 5.101193629196588 886.274159085113 4.154672657823401
187.31298681170315 907.5906606234086 187.84991141705652 906.9715368548576
890.0725587652092 850.7019878137814 889.8735103255415 850.494828556244
799.9830558927894 166.56450257542897 801.2250729594326 157.79237614738273
845.4418228775316 154.78788174313473 846.5987534332535 155.10783547076335
704.0515115377121 774.8200414823692 695.9659692674791 778.3669421270525
899.3078243024221 636.5704896162905 902.8355805605318 636.318339390026
644.3603060646343 931.7921844443422 645.5436842702503 932.2497020536159
110.79861176787887 613.9050769729226 109.52513367790048 613.2693146957569
90.46397738230172 989.0655539282517 99.75303620091324 989.0733165578015
46.91538829903641 334.84186248552174 47.59898904296945 334.62046018440935
813.6742611783523 378.4921653258028 812.3755528559208 378.4890050502035
22.261721535575596 995.76014745309 14.915077219435197 993.3395479324354
600.2779698958104 572.3901011938417 592.574178492792 570.1155579564373
5.515420452747222 937.7009559942671 13.719417872527485 933.7395397948163
582.9330683486022 179.26354002985912 579.5349580163739 178.78851667517782
225.50113293163042 176.90197192756395 227.44296871405717 170.16097665030728
652.3456181362783 396.0885708307688 658.870298168203 400.6107446133259
365.939840904143 809.1953750509232 367.67580113117936 817.9376246456982
66.73450800966674 674.0414498594073 67.98498850028558 673.606052782687
306.408069990024 124.55855035338992 304.42993982885866 125.4365155832995
847.491603188697 652.2394034039169 842.7176641941955 656.7612135074394
70.07370917903243 135.27261597971685 66.60871998814322 135.66407566364362
130.1330271536576 931.0686174875366 132.19411945507483 922.0925131685934
906.9187261340757 611.671109663288 907.1870082618224 605.4750332763876
661.8914317892353 892.1763039903894 662.1750387997031 894.8646345227959
462.96368939022835 736.4876584501444 460.0400541389281 731.1023034356012
638.6040616148891 526.5904493156256 635.6847737509903 528.7881807664643
33.42139325309146 718.2146489171099 37.30601470850408 716.6241502857405
949.9763779321873 959.6711318858735 942.0732680371611 958.8856774929185
919.5881771736624 422.83703916014923 920.4597833322241 428.0698577293093
518.8172625778606 419.7651711478289 521.2238846278264 427.66033427899043
48.33438153444769 584.4368794814698 46.99577924294692 584.8756944004339
680.1960383206548 179.48685934301767 680.7459943082188 179.5245555755568
119.8660533961583 703.5169808687518 124.3534190876646 700.1438530589426
785.0263070679991 595.6457785980161 784.7138787432829 595.5064760298854
396.4792613500204 499.5303092273119 395.68725445437025 500.0727843711328
404.27569293374 411.39230017895045 405.3272952163959 409.1299504000813
885.0142866897563 140.06012846505556 886.6722971959244 148.98555736560178
499.0969167901906 301.2818768107356 506.1875290047104 300.60049631997936
998.2653092955208 160.6671540429191 998.4638886350893 160.75358999107436
311.10973106467554 699.2909566979978 306.7079241947282 690.4353006170926
417.2689495203077 749.3463422140718 411.1427958176911 749.9234475713575
960.7810123746729 985.8692106672097 961.1657888619621 990.5317710644119
588.0374474326405 472.77006133694186 592.596509228296 470.4031196542283
227.00851874339745 322.79898302783715 229.72160368373403 320.73724264662616
43.86957737035446 91.01112490599527 40.445068095126175 98.46391392111121
921.1603175081509 454.60902289625704 917.864529516322 451.79081327675215
873.1183369562732 519.1334564304632 876.6765116605909 520.9446098160827
584.4929495669645 394.62236370224736 593.2726885269825 397.3535884927623
976.0310931703216 689.2994897795879 972.576552021324 689.3514684992292
286.0179100557326 357.53332197986475 282.54792864094856 359.82713875086046
461.95051365902094 137.76383082458977 460.3193434565662 134.3939679993347
865.0608759193318 763.0896516932239 867.9097327712111 764.8639673062023
352.04104909832677 231.0491991690692 351.0109007675166 230.3587489036437
990.3228766438693 690.5569326221652 988.1100356778085 686.4256142271604
694.6845213807502 84.27981475691438 696.909329474982 81.29780652010278
976.2891370453938 288.9352696014347 979.7325403497624 292.63137953764726
500.46067633080116 627.0871443949737 498.3198946820283 626.5639699324523
452.43832201890933 632.0574896175444 459.2777803882204 629.9293848425465
856.7374794327698 855.1399357340956 856.5450467345381 860.9175206228865
722.3861104192806 96.46505097450874 719.3754666910719 90.79277636994227
650.913296006482 653.1877913033298 658.0081544063837 648.165822455437
447.70693540481733 145.5478628969623 452.93771254152426 144.2504648007033
775.449237757638 617.0584599645127 775.3791908758875 616.0297694259739
78.06687821372493 436.3016118494241 72.10410276956074 433.7840905133204
83.1031855410137 521.2550039672019 92.41690628171804 524.4622579720547
700.8812630582323 534.6766932863984 701.086716348639 534.1290384416983
193.23182599093292 598.0342611654964 193.17086425517567 601.9773769764171
355.34771473514917 129.1565648780495 358.9839337933205 131.9027768048587
362.4314033722496 600.7147550263802 361.7595735910421 599.3108697515589
87.83521309408671 947.7781046886528 88.77112167144674 946.7805192411349
461.2802229749337 216.2049212032138 467.7345288829682 213.09297300108076
377.07244432119603 195.59865153234978 378.6848382710976 195.02417064913826
200.00349537868976 116.42550333343505 197.14603923570223 114.88162768122314
111.22251179774779 364.01663088234517 118.82371902649675 358.2670412251914
482.27262834040175 583.8386198265875 479.2220048026214 581.4577741300254
789.3175344895154 651.2725818980958 794.1872832860114 651.7113536283393
187.1675565112827 850.0781999194529 180.77475727701784 851.1622507560545
935.9322695187715 155.08411604475737 941.6829502885281 148.43779086583245
180.86420585844098 72.7566738189922 179.28639063714263 70.86391350068733
618.8733680702501 448.49728243920697 618.9434807966541 449.8024949519213
854.8259105549414 411.60408123380853 857.4650684239605 416.33536775077516
685.6980381146201 250.64997617066464 683.4622022271858 257.1719571778184
772.7869115298067 450.688735782716 780.787303396979 454.20562013037096
953.7438276748294 513.988354216811 958.8683189015508 516.8538521152387
46.567614922425335 911.4470477273396 38.43803823648726 916.3459593124835
766.2736066092205 880.3099571264027 772.0385886184838 882.213867528286
77.83336364229743 713.3808088101456 79.71170524356658 706.6974710665557
29.579419850639166 167.66996413300518 24.703065147733376 162.05322805905138
842.0825980570537 407.4845680112312 843.1416839026932 407.9438237597514
183.01218282922525 45.18767750874708 179.59865385369127 41.74106236698299
796.1865874453734 754.8405236288514 794.4185413907974 760.5667513617406
362.7102958184767 991.6244248239528 361.5533545829721 991.3650861023608
781.3230077541625 549.8270083194567 779.9759393638919 557.4676722949705
568.3264562063285 691.1740916114319 567.2808421144003 692.4285944726164
489.1311323589389 338.58547794693925 493.07089434356254 343.40203893385967
229.4330587469223 831.7019565495374 238.0751624145687 827.3454780767166
177.73185850013485 607.8503165871301 176.70425093069187 604.4158472175463
238.44882307320358 747.1432218922673 238.72028840477188 748.1896828476267
538.555419855106 51.82886255904173 539.2894295698461 52.08258462465813
542.6246336467741 255.56543789009612 548.5947368886663 261.4565972631094
907.0075907557514 878.0670173322086 899.8368931083812 876.3462118411009
412.0075985330378 607.5527660205643 409.45559765202864 606.8817714023709
847.0868699712154 399.33142095047134 849.2117871192389 403.2067764346936
602.584979096615 31.781782187494166 609.2982516348782 29.19182721672655
804.7434581531872 445.80004951622243 798.0138365960117 445.24143351798404
292.92916513597265 819.4440939215631 293.4844237919862 819.2189385754839
616.2724682279606 929.4577813941721 615.1076524382211 925.613376880108
368.79363534745977 828.4614703049143 374.5527257811402 833.8973601642595
831.6258560961594 46.33622514548097 835.9557823589663 47.46597419343858
391.4332988206954 768.4632673849413 390.18994813595583 768.2466994270281
134.38962485527762 374.01512016614646 137.52075112563253 372.2188535902621
808.230124657333 582.2413216619352 816.1865978482964 576.3877416095722
856.8399153258615 38.576712969759505 857.337068298586 33.00952793523232
978.0152882910927 451.4395544617628 981.5175806532022 446.47473634141795
288.79269719719167 716.237599272346 283.3557598912594 709.6530959880816
381.62731263236225 63.1149702894378 381.98740922407194 61.35578368502777
282.0622742802422 457.10241610317 282.10440702885705 457.0860831239103
100.75453708685656 594.609688866063 99.93123579501787 593.4242020393111
134.92808058480722 177.6297304155907 132.3552476854196 177.61874165016638
44.404316673464116 168.18952338903958 44.97396292857304 168.32583276700908
856.7021638040379 679.7505476121634 857.947888551466 676.792353318404
492.8549642220279 771.170244592928 492.08867917563816 773.2244462918027
843.8103539630563 295.48422515898153 849.0080062995478 297.4597759635134
4.583061082415241 646.8950056379323 9.993137618286385 644.6847394556762
655.244112666783 355.7275742633015 655.7787785147303 355.1167675453845
507.11957637950644 991.3371669932343 513.9659810586336 996.7635021215825
448.5955525179556 538.0192218591151 448.6644271536865 545.7875454123158
160.23307471797187 662.9129444861278 161.61389331174806 662.0964603852252
898.8753614526158 527.4015762632123 898.1236541240477 528.1235648322056
455.928852758874 108.39829849474802 453.99228379438216 110.16057317157362
884.6653559640264 353.9657222595314 876.3159019098443 355.4390203224664
490.38908065682705 961.3086763789735 489.3539993545546 960.6748356138601
511.7834424226975 801.4359000960582 509.31844796509677 792.8807769731183
921.2436943661913 310.1499898179267 927.4773742309725 311.52828066195
520.7641704757832 794.9231034724394 514.7939230681178 798.51327067605
86.31070315094347 28.9602335298218 87.138008209357 28.001953920445743
872.5418962564532 874.7960241750436 870.431102604135 878.527015440037
681.0959165331703 229.07086013837096 682.2338457065824 228.68585647210628
14.064132857617206 882.2627842092353 14.629996126681 879.1822489768064
18.918256780176446 421.11620316566035 20.41305448639548 422.4453498496943
321.6282754864425 986.1352076960892 319.70295400973527 982.7137557766715
409.6966867870192 141.0547472959114 406.51074440565293 138.64116670983103
854.0511693753391 722.2226530835223 849.5195370203019 727.2282897863414
184.5213241175977 991.0055996018808 187.93057196079678 992.3839155016997
775.5469935356546 433.31202539973634 775.9628379626931 433.1636652442778
423.62614594867074 631.7226826584427 424.16400188040313 632.284599315706
907.2040905306474 855.4114715669175 911.8881737066583 852.6313469751159
543.374958214199 912.9677896354223 541.2023788707535 914.1800832887158
106.733014627319 539.1018518911949 112.89518409411608 531.3932073995379
194.95260201511678 983.0555047504864 198.77374658039307 974.6903184164145
414.46927007947454 379.6561922863835 412.5681959625952 376.7130305602472
625.7719823049063 865.5903082224124 626.0086982592823 865.8205185094139
686.1616322670719 882.5246760907722 694.7807550348698 887.1272755650955
135.12307028381187 535.0312689903816 134.92596846001697 531.181298045653
69.60605519104968 486.24881726655576 66.62837721227058 487.3332814513179
728.4113258162953 802.7168263570682 731.3561872442505 795.7231805221667
667.9263079784891 440.3976546991155 666.2801889152393 441.4353703791047
313.31045423335536 753.8132880878109 313.80760835709873 755.0393417283171
240.17936652148308 334.73609919402315 243.81911145272056 329.3475376311817
632.8019431724327 826.97054736837 632.4735040980605 828.5934791273627
256.54769203855386 292.86467216936194 257.07718412768406 292.3106633090823
902.0341345425757 375.3888714676095 900.1039821384464 377.5784018274682
697.772924172812 69.66827420182442 704.8348074064007 66.21024288266261
851.5991543901614 421.59140938386264 850.7997966076013 421.3126816812029
889.4625898434232 449.0788675559355 889.4909703415613 449.1170457614123
785.7763813715789 727.6752310780637 784.5450338747639 724.3267605944974
167.2781513193049 181.8878816092947 176.36589155050385 185.20317115276825
597.035519327414 105.47542919722585 597.4825041783594 104.66958084418656
472.3110260298926 507.87482583783327 474.7264457544276 506.6784298080533
372.4661149935798 972.7225668112973 381.1802661187716 968.328872661864
822.3710474008036 521.0159150459485 817.973272673013 518.3464219714331
667.3829106934412 148.13650039926685 664.2450866940084 157.46011631132325
722.5761067934832 622.6891930254551 721.1111359714457 625.3148052395621
890.051057439087 177.64775091633277 889.368399683128 180.1768565889768
137.4510149701207 457.3602887824881 138.1410965864185 456.0389877204379
451.14808832138385 975.1937037059034 454.58223171808777 974.5000850467144
490.1616225904758 755.9368721270587 489.52423736185887 757.815453466993
777.9548917401182 785.9285880505408 777.1289268459344 787.02025210118
147.52747134589396 652.8650406784327 147.4623978823804 652.9160130600033
285.4376135446257 190.99942900712662 289.38109736429703 197.98673669667758
761.37541318386 751.5278330494755 761.4510743728249 752.8577037114237
86.58624487699306 147.73643290701267 87.05457598962391 142.5710461989288
509.00148084286036 886.5598955368714 504.61687503430727 884.784920829526
163.2020639203129 900.9559918663872 163.7787409707127 903.9358349837468
481.5153085861075 776.4327469088895 486.8873331081945 768.6322921030387
601.1115280522231 556.109836503741 599.5638040681245 554.7790464875579
957.6590991965703 99.27842471157311 950.8213158775458 105.40755562958286
784.8773636201075 822.8439319988078 782.4613968371887 826.7786829324197
400.0453790426815 46.65358120567742 397.73154354330785 47.50621033601681
471.2499534144219 211.38759104828276 473.21410748693364 220.54734049519698
841.8597521212041 254.66036084970924 842.2105423801241 261.1324055432044
569.080906294455 723.643003616421 572.462905661617 716.5604388262365
847.3697354310663 758.2578464181871 855.7308371160741 755.3592838435013
349.46371620707794 177.82768599829802 356.45068778120225 178.97284173844113
799.2341113863528 248.25508761241866 797.1563956729087 253.73748598633784
122.81366700038687 94.01820452631193 120.68761897478043 91.09799769578841
336.65577305442775 462.42044892937315 340.77819149702975 459.49881394706813
277.70761198095283 917.7924164750265 279.34073972096724 926.6504821521925
192.1115967905387 44.555944844387966 192.73022261295625 40.089238002252
608.8931077392135 923.3328288333265 609.3069836472969 923.2322131559665
537.3867744715577 824.2281724549439 535.809483689897 824.7573454588816
323.2547922462496 581.4585783606319 326.15607814405564 579.6269853685682
861.46160731018 552.3307189034809 870.038077487707 548.7704911346374
832.2873251226418 964.4811101622406 829.7666932311878 960.4870502585807
644.034653342814 543.3326782821639 651.5187658686002 546.459351617688
224.73847535572722 846.2064990748949 223.02080944653713 849.943082434355
540.8456511986473 306.6786619896822 547.5036069549718 306.66494928984093
872.076706493291 130.89983664552395 880.8796411572988 131.42502566686892
757.6537750515048 435.79957190550635 762.6700977604221 434.4718846484686
95.89397147023315 527.0518713218609 102.06095946179184 530.8313626591282
27.856974202169482 215.61495071381654 35.00242826337771 208.69449700096547
78.80976223851866 426.5676437993542 73.25332044686546 423.54642224793287
878.840461353604 944.0532643646411 871.0810115670164 940.9005369542957
242.9587369577968 67.57501392324517 244.6868417428952 69.4576687673075
449.6620940329699 775.3689130375833 450.50886020488207 781.0148429211399
653.6756646987802 250.76719064148335 653.5748267309615 250.60662444206517
49.28434160228545 653.4884520964451 56.49550445580727 657.1238487517306
912.6580343822169 978.6677423700011 904.7751296771551 981.8045323691288
712.7063981588796 913.1073685511535 712.7088629221361 913.6499785508792
895.7249043465532 75.1266296403602 892.9347159660973 81.02291456206298
778.6632916680816 423.4470619334656 784.2505957513824 428.39549016587904
226.0847128904039 528.5623141875076 230.40770254073283 532.0166578163294
284.23908125532137 357.5060430030803 284.18293493610116 363.130080881289
115.90012764941594 631.9544114657467 117.98770312930762 633.8813781104634
545.4605395266004 143.76919347193618 549.1249694644339 143.6860808564992
562.1298934975188 281.9673909322351 561.5466969260206 283.35669172333326
430.15969446687154 592.4731357729383 435.70772919788885 593.0337998727949
507.73493973773276 268.09796491227945 507.8474374149637 267.57013417117855
587.0042981737389 935.475504455027 587.5064966721937 937.2849672738682
405.59974120687804 108.87966384356807 404.54160657776606 101.6318212247719
995.0892563867801 736.7963365581667 995.1720806044381 736.6933041941129
795.8338690184105 373.9304384553961 794.387246285801 371.9402134944051
42.09684473019437 62.70333287944241 41.491240038117176 61.38179238065884
41.191120679641145 346.1351400384075 44.95675917377503 337.7680878632567
815.1480372105599 870.9458430342588 819.7535248189619 875.1998700654361
108.44621930840081 638.7326381096487 107.63838126349964 637.4253316337451
278.6939020909104 180.71077839948114 272.5181866443355 182.35144009570138
301.0555761006006 243.45131192435943 294.9226495683969 240.73367029503402
11.741723452931785 768.6463813371593 11.736332592880068 775.6563753651146
558.702783458798 644.7392869330554 558.7787343556416 647.0712323596831
376.8393544341947 122.14869860458954 383.3514527482035 114.84222912079404
978.0445231049962 761.5543987290164 976.583589860301 758.6514598253292
784.3001145309321 510.95473008698366 785.2019028707847 512.7220496461962
424.7034095290353 832.7959045953945 430.10013651911333 830.8153299045011
857.122160756137 241.62841180333038 850.4267980776189 248.9495736742451
888.8108880754693 297.99964601046634 884.3702598074946 297.1132487312172
679.2044651829226 772.2672817492858 678.1919331904344 774.3614348972741
869.9350928868655 206.56870947984052 873.637159201538 205.81197056816677
575.4498721880406 291.1914429942194 573.578940956802 293.21844398123596
943.3608735815458 388.27903026053013 943.082086843594 386.06273170007546
846.8555272141035 397.6305610076475 843.982699549684 403.4884192297018
302.8279353480461 492.23862266538197 303.4416525606729 488.00148046404854
977.4467281942989 407.4461403339537 971.5350708188314 400.61220976598304
718.6461636504234 694.7292806182354 718.4744015261771 694.6381737865289
119.0400675284179 585.4942648740084 111.84405956533294 586.7576790542744
818.6276860224449 364.6527298950435 827.2309766754844 366.93814190397006
300.87554903490155 132.28762521322767 292.4029406889508 134.9574978223331
265.8589832753202 8.272289326503813 260.41862732009264 14.493885192473549
19.175619188401495 795.9242062419004 20.344913083233845 797.0215973898814
861.3852303334734 521.0728927838171 862.0166575712882 521.5538739051925
928.8804534635324 925.1768749533002 931.293479800992 927.8550983598976
555.0891379841132 331.05903277230755 555.6284093263663 334.3542460116873
606.3053514256427 878.1207352175985 600.7345495577803 876.176536980499
655.7329904985139 904.4859076507136 664.5091741414531 902.4077406129401
215.9921098190173 800.755108373173 212.304854188289 809.9657672681977
12.780137803808378 54.605996601626906 10.238418415364997 44.959128922895935
772.6518117360538 997.9910713448119 775.9268610940665 1003.2221108480602
913.120978741035 83.4046600656192 908.2130220442095 84.10424544544787
455.2847941469211 381.7323396798754 459.02626245398966 380.7620758278108
794.964449923382 694.1593869151036 795.8404350313913 694.8603531732862
763.6287030861137 614.9377728746454 770.0012004638528 608.1495950131616
796.8992638825855 841.2544953188732 790.424388453048 836.1772728250795
16.80186637523473 394.40195819483125 26.013733382480787 391.6938582552188
576.3634036848649 709.9440754722056 586.2530013352739 708.6262889124852
814.9828221938857 736.9821302520428 818.0843562713036 745.4442476426722
699.3937203852366 49.7148991350278 700.5983323045143 48.41094319983514
225.48232235416154 529.8329090665983 227.80613923709643 521.7237137036332
156.02580808550437 542.5493049247598 152.59841339946018 543.5041181304275
684.5122234090843 178.07612785697592 681.6264772185574 176.31326314778195
166.90040242676264 584.8228502304356 167.48457683872329 585.2434214741382
587.0342278151876 401.3033605776294 587.5526506641116 405.4700814950428
707.8648491719846 816.8388154048424 704.0157288862907 824.107776099748
107.60838575545561 336.6633491278814 109.93746606283291 333.5926620114978
404.62618197887645 677.0790317294764 399.5595610873155 675.9736163956547
827.8595842168271 651.0486379908131 833.9721791078683 652.3148443816073
124.8708696757398 347.5119541078075 125.50348248227938 344.9879417157766
234.76539285505382 570.8552289693841 229.3431515006729 571.0768734819193
707.3232401350796 558.5472327618492 706.9741032136776 558.9665313310421
738.589338402222 473.1016257094781 736.1581411807239 477.0181650623878
950.3179059131791 108.49374277012525 959.3205341990148 110.34031873111358
728.3039830084936 169.54280957398404 729.3484292658534 171.23789516972542
267.30359314109467 334.5591991922803 268.37534907516454 325.73368979009336
226.91926213967895 629.1756374192403 221.71919861579917 626.4000574470823
158.9592000615927 66.25487118770279 157.200402482408 65.77983479717116
387.06181180493917 597.8675343551388 389.5915750068047 598.8433320072587
324.12199863527303 29.009065533558974 319.27619050829827 33.67327266420439
65.88833203474232 363.0805221636488 67.80622764301283 369.37921778349255
780.3007653608224 832.3453821607388 779.9825768362756 832.8974683356766
685.5431551995841 638.1232423402581 680.3980505178757 631.945783708191
253.87036937646678 664.0248396474736 251.06942560907893 654.8803300665793
955.656306981295 635.3689985208341 949.7113322447399 627.7843580901924
668.015855521524 704.6413366418465 664.3114496775275 708.5812326829681
616.9410667049289 595.2562816282842 617.9749322708827 596.6741509115875
206.57625041566106 972.9172248739858 206.2260009756624 980.7720157681484
835.5167666476256 854.1847590973314 837.3403009939534 852.6039342975981
790.4376972645778 698.816622029159 798.3962327165482 704.7482053214766
648.4221796266601 965.3412289182021 653.3070723656141 968.1624355463899
212.4536453824397 210.84788983560466 211.6499723070303 211.46188538588092
207.6013057332371 873.576575370369 208.82661294736172 869.7433410309326
817.271525526008 401.3138700732952 821.0133211242398 397.1881250324118
309.4865498325614 74.83422801406492 304.5772322197523 79.69630232996491
316.104440290172 721.506502662254 320.88281141210285 720.4921530531716
960.3290739830616 18.46218169650826 960.3449910546993 18.43369210442633
493.31623146495764 100.19785059456532 495.0518660454462 104.1462012722292
821.5764851098894 762.9607455990989 821.4277647797513 759.6381033018904
808.2527711141106 887.0363895063632 801.1716162682444 886.2587759401652
609.6460167932629 404.9087736041419 610.2612265485365 396.85171149091576
212.72343198684717 540.9905704556413 208.38996417135243 537.9614730164407
975.5480915221832 385.562348160583 973.8823765008802 384.5738960699056
457.47627172704165 951.0864008859876 451.61860466201006 953.0182941923057
466.1579951258867 597.6100395638003 473.133484239303 593.3007129849368
391.57150034840794 40.918674817837065 392.89086322453676 44.414533195940066
73.55381349340495 203.02422376065664 75.4568466521485 203.4578784119077
804.985553319105 50.38092451562115 805.0962858065577 45.87428109434603
497.20160489243983 915.5803331257304 496.02993445695597 913.4855169522831
212.51645714455447 228.92961985937345 213.32832584899307 237.15783312242613
131.6500109932315 808.6982184060655 131.65101071847272 809.087908657451
101.5509498879803 80.92186339244233 101.4213835119921 77.08880273710305
230.5709266355217 203.18186705038644 220.99762387308468 201.71731428353814
221.05059058736865 378.598934139029 223.0674540475559 380.9912244296522
690.4913606856269 591.6080190084281 686.4132352193055 584.980204017901
133.4290208620287 945.619632773531 132.07343314785268 954.625538370839
553.5539840080869 392.9240850514015 551.3677147750503 392.7188832412006
728.0124846434377 338.7172014099764 732.593310052764 343.6632293500433
402.41434316079204 571.8062240203037 397.5028951923668 566.0280722353523
933.8316211257197 189.60068348147908 924.6615479894834 188.570034268115
995.2031479738063 317.922174944773 995.1903626798487 317.97608703087724
252.54984501800837 842.738942831114 254.72630237878818 840.6670887138786
262.9332093142847 819.4577322432071 257.7108750982035 818.4531179493214
586.8215347691158 562.8193927964019 586.1358165110488 572.0868627732236
501.5007227347351 826.6357076856046 510.32487678281683 823.578276210855
128.10074435448215 818.8326883405033 126.77286585786383 814.3455041915201
39.86485208648738 570.0017946600937 40.45153946592971 568.674351944613
78.23234315595673 324.08219040445175 79.84616859796941 323.0639286353956
819.502643824741 326.344525136512 819.0115466000514 329.70451934859744
997.6776937991451 581.0012807264403 998.4501757284479 581.9079000182334
684.0897622740933 842.3513785512791 683.3130324448937 841.4542812688954
84.05101824343797 952.3023895851488 78.30083272611492 951.6238790673059
86.9316602633774 405.5997163322124 94.62621614135092 404.5201842030155
518.1540348860678 74.6671288897116 517.3481512039148 66.25118442049627
323.8514313290382 270.34740563529624 321.9576963869278 268.06552606734044
955.0054707051526 201.38916842427668 957.5079281744426 196.37273797203565
218.58930592473746 506.14807680854324 219.75348591336538 506.406591144973
699.1484320269547 84.68986274295854 698.8631746375472 84.43244948828934
106.53528482702146 400.3077201747681 103.644772551325 404.9362812346983
338.02577805510435 976.3962731597297 339.0516776079163 979.5152254967345
880.4960654167226 252.86405689545654 879.7308254129427 251.3307856298578
339.0912562130866 822.2125466234485 343.42643924598167 820.3490209761061
849.3864025689093 194.2496197670751 854.3975220007999 194.72053501914513
384.4188813475536 292.3359654174241 392.4182918054638 289.07752760569133
263.7843167871008 123.65021722825698 263.692687082349 123.67833799872038
263.5437201814608 550.3401251704768 263.54858215706844 550.3250090511781
948.8101805204075 919.4665815100551 948.0276114710829 926.624737433638
75.0590106641209 836.3845536712487 73.79198251334411 835.6063267499337
696.4750423253384 455.0835649486427 696.1623517269696 457.13245619216224
623.1667091662323 758.7812223671565 619.0140112146115 757.6096730119258
76.90342869032874 941.2667663826329 82.94788399282746 936.1994070925349
108.93883993213072 834.8517094595758 108.55757717165666 835.7560202993155
73.235521664339 547.5928546647764 73.37481394886845 547.7153306984716
561.2470863719544 157.78655476593184 567.3151213043786 162.669306382371
171.95467093970618 67.2470824165371 163.16626573475705 62.84995907168012
604.0412094800756 803.9993422015837 605.8890713990324 808.4709761395799
590.4291571400807 319.7634587299788 590.9138114017092 320.1450960129871
815.4148279994687 704.9428664118545 814.2356729758149 708.907179784425
310.71346181669037 721.8555408234605 306.92840658525904 719.4381241941908
320.2576581795734 978.0041183587571 319.35757919504294 983.8408720575175
136.90335671145994 547.0758179822807 146.46977262574953 545.1663112613355
97.52112052541995 519.6862223807253 99.13196890977315 513.8619341046301
557.4105098562771 894.6678966253952 559.3330618693741 894.7536964189038
454.5937151141205 157.01114370931225 451.0783908642257 158.91618655073535
727.325001416719 708.7347688397164 724.2076078626936 708.7307887234061
481.5496529812485 22.81566215522468 481.4691826374806 29.61511494155428
914.3459389647078 51.04639634118524 915.1685365630584 41.72360246297664
941.3682257784378 542.6353848571183 935.5654282726194 535.7821531117696
316.54127823215805 954.3788915144764 316.9329358084826 957.9873394095631
213.00631705892482 325.6327756762045 216.36254038906742 325.64738029603683
676.4387876663318 62.858562123800695 675.9070525118607 69.53246987954705
96.88651466331378 806.4877744602171 94.34331368024031 804.5656959571766
29.107305874625624 437.7426233449249 25.408154404468025 434.5784491982834
1.2586276000490226 950.9548456835206 8.248233219998927 950.3269154918332
79.37877229544942 277.8979415881195 81.53668414485853 278.28124963600595
650.2994016593352 13.048512343811659 653.5741275871001 13.772889318027
303.38100604870556 180.35103205566227 300.98222062068544 189.54007278316263
86.87082209464081 632.690698326939 87.77823681517782 630.7375156127474
709.8464597951196 626.6652820267482 702.2475188129797 628.4682184672109
598.7248847857136 274.08132622256744 597.8936593468545 275.7842651171023
200.93622190131245 731.1928932053203 195.87007143696528 737.6597157024548
95.28818521264526 998.0660377833793 99.1969049162604 997.5623188734806
826.9750138061295 550.6084906452986 825.2933453520025 552.2386861277472
876.6132382046359 102.55573037057263 877.610920097591 103.64030387729373
950.3279571695688 619.7939674002716 956.0877307691745 613.6313149041657
408.06480227758266 536.4546640345195 410.91028818981624 537.5333759882755
566.3403614582445 862.2433176986965 566.2639378859568 861.2981371548636
631.7551419609547 248.27301127015667 631.1222153278001 254.04652701327265
953.1999241031771 222.01053341813426 949.8715530165952 212.84512602044865
206.06124974483387 568.5025385092516 204.31894111484203 564.0443837372708
479.444563788351 521.3622034956297 483.05645151874677 518.4581129604284
479.3011795297617 43.76714700088047 474.2348339031095 36.261787710578744
487.9561688612323 285.7559256019446 486.4517987179858 277.43353073678776
927.0977344104446 16.083475866853547 931.2533307078265 15.616194486293924
540.9490326629981 919.538678312699 539.4721522625172 923.2878250805495
512.0023434522814 30.14991256033628 506.5780210446039 32.610407609011304
396.25632159158874 15.548999939706821 400.5329506239249 13.603491265925411
423.90662353520327 31.586464506981326 424.7310087680374 26.488463544624416
143.4111820443239 460.7687994911025 141.6060623555088 467.98023090032416
297.45125300135555 280.8091501744463 291.2345410548478 274.51506098018564
747.2674859835554 478.151908889639 742.9976596373249 477.0642129685896
664.5766065436153 220.13639062700062 667.5041955081938 217.0926300782903
711.4889349676234 586.0960580997811 707.6923740584247 580.9524643247009
682.0439491478762 394.70797486068875 682.6032007583117 388.7574445013153
244.7879240471842 181.13038964943863 253.272702381808 176.45559293427613
106.23401288639866 300.05956509281685 107.03419291018349 298.7615112866337
695.8423498459057 540.6103613163718 694.8987966237393 536.7540367380872
467.6320038252403 524.5372233563664 460.1419959081812 521.8978535889768
404.95546765891635 61.06883016145404 407.9883689684838 63.11871200001012
207.13008084298568 774.9631546892886 204.28369769451268 783.5565429637264
500.83001417035587 71.52070889062534 490.91573828027475 72.77244558040563
575.160082485409 787.8319241064378 574.9934065861086 787.5352241833264
971.3225594945635 628.0228537570899 974.0871922867278 629.1300726599684
373.81691830533714 144.7823490717768 377.48565528085504 136.09501552311056
309.56844375751757 495.4624356137476 311.30349196303183 503.18656244956765
744.2140554839765 109.06135413643581 747.0272985491733 104.49996414895394
350.04466595155606 277.8871101913464 352.49850596755226 271.25440762586084
525.3564456651284 151.59162626711918 530.7500458340398 147.5644117886162
954.4442997793741 229.88573313817417 953.2519881806745 222.8491800303736
528.9895286457445 462.48225477888826 531.3238374841955 470.423906203406
131.10900492036072 911.7294857896256 133.42548066098814 918.0234634571761
787.5436102160596 439.25958962327115 791.9421810478894 434.55594138895464
107.03752595935379 349.96011736506125 106.11812211764541 350.23005627077896
88.21318817522229 994.287865571253 82.4915465927509 987.1391226110838
589.4383529104622 387.9961342518282 588.9258898585541 386.21312688442197
861.875144449085 407.84504743444336 862.6319431179514 403.34071484862613
127.82032852209524 184.70158808527427 131.54372449498487 182.11197318828678
24.795562428749363 281.1244488887149 24.32922103645501 285.4017725742735
74.7035405385632 483.43159845312687 73.7968708846946 486.0719452898079
817.9373511476747 858.2845687256437 816.5907742040986 856.2341608965833
491.1644495139564 353.04686411701124 491.94577424477535 352.4865897902465
248.92636340671325 501.3114699113182 253.77126703916602 501.57894046738244
608.3019304457043 15.355629080393673 612.1424827785172 9.13991451352728
166.71309835307946 524.0486697177419 159.73940336352624 528.5860110282433
622.1002073190037 597.865083609081 620.3544934388884 588.0280500580559
754.5687542172996 735.0038422542456 758.8793642830692 736.2449388479823
310.51254782486336 904.4007317710928 316.71494782406216 901.5637789343239
451.5262028727183 446.7532131308577 451.75935507979705 446.81018324655685
481.912921988925 676.2637590829213 480.3109443548169 676.8342807519139
282.9354421988718 214.68347196453664 285.00654121629077 205.33156539616854
909.5854615746174 334.4817047892914 913.246210785463 328.53718545800075
49.2324355388335 991.8877744643823 50.98559210561586 991.0590385147328
390.20205196494453 237.8729360064421 398.93974583598913 234.28534950413587
370.7140967214607 769.5908997605761 373.02157093623464 775.7417642519608
731.9873817954381 463.168922537903 734.8779813809275 467.74653715791584
894.9489796242381 257.31360024692464 895.2494138084694 253.99406057325808
744.6607791845457 316.5101646271482 743.0928189986672 316.1009303462603
188.67241185786955 246.16302567210136 180.30909143651007 248.31330622816054
966.8618490330406 954.7142840165046 967.138689956486 955.0793334158636
500.98120041756687 794.7808114038332 502.5089139481713 795.5951877631031
945.76214084562 350.25825175331215 951.3184254621101 350.67324562258995
612.11504474978 206.5039118016583 606.7084213201757 198.7591770656433
330.3460552584913 235.1653277682395 332.70905359824496 236.25924034071832
785.7863329547229 512.2049890970578 788.5298244408995 510.90538595733454
958.0641694947525 10.687985843515268 949.3927000481766 14.37344512123942
761.7324864100374 880.2450707729325 758.6336345756844 879.2629274542201
168.01470213792268 284.4609961583315 164.43343652974573 281.7153693640665
136.20577552513913 586.204367105705 129.3791722795471 583.9081082792537
591.6095177489809 626.2560039149977 601.2001142721456 625.4273092790214
42.23017432688436 961.3136728809546 43.37102083884041 955.265031572981
644.7073618383785 271.9359166972596 647.3294918450689 267.46640461627635
693.0398388366631 114.24599689423643 690.6363671217022 115.09620366213633
975.7774903226381 555.1617840932239 982.9326645858305 551.5017746431483
447.53171601588 70.5825040412621 441.22931331532027 76.28290059431961
923.8982202002525 380.1931808221433 924.0069928406388 380.1810987417584
595.5365540691108 887.6270425014354 591.6297469235535 893.8952292298383
554.9928910173403 709.8846363648768 561.2213994445736 706.7757445663954
424.1734377823616 335.3444227209523 428.42290940185995 338.2492924910047
126.10752164472694 594.7718366524289 121.88267533100424 594.8783183354915
441.86194982570106 597.905997443495 439.979958219063 594.8168785779583
378.8737661121623 362.40580454955085 369.01756367363333 361.5005739089332
627.7623293385012 210.2212435020625 626.5390640408284 212.20855166221173
686.7789149013845 786.5500424746107 689.2564920137137 789.4334446605562
481.819867456285 641.7389736737679 479.87333249461483 640.4094039317163
356.2636496288061 816.1639646020409 351.2817484504541 815.1459865172827
931.1651873738094 282.2505039498031 931.788698163496 280.03791236994533
628.5256814138401 228.48837865792882 633.6575702430382 225.786058328997
576.4349560067548 478.0120602826061 568.0237025756148 474.2224912981593
984.9753451319664 965.0337064129272 992.2578209170676 964.4226116552647
651.3740455863964 229.32591625487885 659.3202173554495 227.68781337531453
463.3448869455724 335.12182532912783 468.5994001603916 335.58961592704543
92.5471342468005 221.2282720176044 92.55965257122314 216.0751722244521
939.4277551385853 482.74110569801456 941.544773558268 489.9540102664816
875.7508688248121 427.925032838005 882.5602231232616 433.5635953900017
262.01704018124315 217.90752211301088 253.92639230057696 215.39207466915917
896.3831881743597 772.5571755570494 903.5212236681753 770.8193126039953
283.1034953096222 156.76859204734893 281.4415919797103 161.39338319328937
227.8988951566323 743.0771715614076 219.6750035914337 737.5536079758125
352.02791077923433 319.54016753241433 352.142325716551 324.72009421479584
753.5845782825721 177.77757424717223 756.5792943327976 185.3526546796192
837.4722341043486 122.5595199224685 837.2391247366169 122.62971442272729
705.0806587765122 843.1316768670771 706.5694191972667 842.8086395617997
273.8439785053816 490.8490344934788 275.07179828554683 486.3076978285615
25.519866883584875 309.4045976383698 27.501099530195905 304.3263251667117
898.5020781591886 151.44007692932325 890.0446836048628 155.18699250572834
93.8778442580066 57.03940156924248 90.38451730720584 57.22534974937728
548.944546738556 860.5823344391 546.770609114073 859.7702812091758
149.6184661247917 508.8901620789884 149.90078350199533 503.8375216061311
856.2358148908481 825.87874705609 859.5108739814501 826.3264040051137
666.0948883393265 456.16986297725515 670.8012577114669 455.19839678995
3.9475107031998746 429.45670754583176 8.896498212817079 437.1159700962677
177.7977281945977 327.96827702279296 177.90088037039493 327.2205239144017
310.0559330556103 629.9020385722994 306.7048031595496 627.4221652673132
394.1165181878883 696.3505372767046 396.01532170410826 693.9809547249522
913.5075201326733 981.1715278863031 913.2743614138169 983.5523006650207
181.8963459134173 408.67232995876736 184.8985427667681 404.1303094060075
124.17990197840933 195.66021139943945 124.61620738792077 201.2379216478156
315.8288465375119 734.8273315844331 311.1736882794128 731.275338624246
375.89221513280427 363.5247317476792 373.9961729476961 371.55458731942844
506.1052469750843 353.97525684378405 507.47495979537587 356.538374890891
672.9704181112354 216.8633576083011 676.9711417871417 216.78902469567578
363.0183966857942 589.9024153386969 361.0702474113335 596.1967516483672
112.51500077449683 87.7824074435013 105.04336437541097 86.62453659212605
86.84737388969144 829.2919697250387 87.42771864696604 829.8702100996011
70.00615772614094 957.212724572063 67.50212091135604 955.2800519959932
530.9071233167801 626.3566173027377 536.7435178600078 626.5659851306343
331.0479012496252 300.2533436976107 327.639615714715 297.0149604461123
420.1441961649853 364.138278130682 419.78650686134057 365.04252184554366
70.77200180413634 674.8958315688731 74.52680526789888 681.9139458817365
687.8807581442317 94.2390703995758 684.6741134715254 86.34214898848009
797.7282788564565 340.1454519349315 799.6364148913071 341.25003227411236
118.23697728444749 163.3579149229526 118.67009461222243 164.08880585699103
711.320087659609 172.08009835781513 710.7947868778006 173.80848568454974
451.65776404674284 99.94118600128365 447.5060952620111 100.26833310620961
355.45959828484655 830.018843578883 356.795312421949 831.9051454040083
43.514223115951324 883.153070626516 39.17948439602323 883.8609365337163
613.0570785570603 499.15649783832686 614.1407954670326 503.5435667943925
68.21829700550231 647.1708306376405 58.86504344702074 650.1130165132372
670.7040278304239 722.3377326431115 664.8544560130304 715.1270819946114
308.2663183825979 554.1173980986068 316.37162036124334 553.8114138342514
40.79368630845248 77.8680916160447 37.88961206896333 71.92999755006834
440.68067212858097 20.193658665587865 445.54638104718373 23.737113812006008
146.51127246013561 110.23315787733945 143.52280043486363 115.67998110946965
756.780255933827 701.5231673132704 747.5231107699891 699.2167918544983
336.8562489639128 50.579899966259 328.88642098010047 46.79724497186578
601.4775493505178 262.462388896907 605.2298860194206 257.4168306591938
93.5755136821984 241.75003637940983 100.62510549838835 247.61165154972252
465.75593780501913 143.44070863806613 464.1636443849536 138.86820875752642
133.14586690006104 196.73487408853995 129.6741703594803 191.00846225191836
269.601823000992 180.91333997559744 276.0594580604374 177.70995889587465
720.7943789085036 605.4391348943553 720.9035112073539 606.9662355491112
241.60112298867287 938.346714933721 243.22002435329304 937.3754875594042
757.0061236314954 38.65724933834791 758.9291624836004 36.952283221294046
888.3152694134975 578.4935406040863 889.4747709742267 577.1333889898486
925.2953527170547 829.4485646634816 922.7889181016822 827.9071985632021
484.7470845360999 109.33601399888515 494.534410317487 109.30725845755622
239.76383603758046 769.5533904119998 239.43394581746014 761.2398087513106
5.829413786940796 211.0847416199433 7.130898723967653 211.16293105121142
158.76866163289193 799.5858725093047 157.4966055900908 804.9157571278333
825.5002206440221 693.0906324644297 819.3795067604232 696.4602446713122
308.1642655026149 685.6626564399907 312.9924130282162 684.9588539185133
108.21894746682703 356.2646629185319 115.14080049589606 355.55933632774884
942.5372186258276 661.5995936449731 940.9644084221648 653.1842481772362
66.16926173071047 291.1578370040291 70.73499869854098 297.2839647626894
988.3859846765874 952.3202279514356 983.3058786281943 959.6146846446961
228.36994835527992 606.3552523813388 220.58323075220213 609.8426470145976
677.7759430695268 154.0189937379013 677.3886372602378 150.35585353177282
857.1631742681925 119.97048462571492 857.2733980963745 119.39502619222246
444.1631316948571 449.2618923486995 450.0486924680474 443.5994955160722
541.6855584998857 101.38779749102811 541.5488321184632 99.94441737866309
611.411790801746 117.59038260764876 607.6725895949116 117.6540112176652
411.3471686007947 767.6984368221537 410.4831026557841 763.5414106666035
722.5729243375149 205.65492631569037 731.2073914702088 203.2076107558002
13.599878622772454 114.1109322867937 13.441387744708894 114.44587148008966
773.0290275951793 147.9215152936364 776.205690586306 139.5176188704763
922.450257631421 374.5780080764959 921.1333419021743 366.71225588037976
353.9283930264088 173.61392338250914 351.9915533344963 174.20919476765005
293.80911317242555 52.56606558747357 301.57127696892246 46.69324495584377
697.5993314752159 197.00178377952128 694.0687153872127 200.99684251115679
751.1444393722865 267.848778545541 746.0792711212583 266.40937500025797
275.2379948561292 93.32764470904897 277.83453000744004 91.49703603443879
242.49370539673097 585.7906556478022 242.43507477607127 587.7850050932765
486.9942565327291 340.8055130907024 493.23216204546264 347.2037737377902
896.7396452508362 272.1072045246315 901.8599566601937 266.5377500122283
221.90624578536966 721.5308322373301 216.71143197362804 713.0004143592926
461.52927742543113 44.32347487321253 468.86505135970356 47.0025233236837
350.96372145667596 266.41911229082325 351.69799020167756 268.1426763714788
82.07359487008281 483.3043604154156 85.6257533442974 486.39966761715306
975.8494149985299 306.92664028780905 971.8223218948607 308.07163111924916
930.4984269342776 345.36058412228675 930.4849717439849 344.24003863079366
755.6185238109379 163.6465117205589 761.7044337161267 156.01114052194072
663.9357740030872 506.20049814999135 662.9749560866059 501.4348638825244
967.3827018515241 713.3598593810368 975.237960851034 709.0271357396532
478.08466167383546 79.91026677627622 476.3748281230168 79.8240419001309
182.85857090104452 991.982656391039 182.52214023377488 994.5243332652907
384.74161821611017 759.3293166251586 378.8542156803849 755.987453989234
318.57045997014154 221.48367110260736 318.85991194293723 219.81883441586095
18.165790937778702 648.2485258481664 16.68451790010378 642.3395078687307
761.2839481136607 514.7698982017286 763.2350075350623 513.913971836541
775.4754770551266 607.6802765699421 773.636120043475 609.3606957933539
116.80731211803597 732.9782653645779 114.15717339805131 735.5516297706228
88.18190027120554 542.0588257122884 79.83864113261234 539.9013953009911
220.032910815262 546.0686878849747 220.27702491042226 546.7811551567995
90.88539037422638 451.1205144941526 91.65560176050579 455.5450101218292
740.5288527798544 677.3919000536889 742.4910216272006 672.4312610796313
183.9199232411397 102.64520860202376 178.46083804482276 100.76150514598412
576.8905154327429 816.9284575568562 577.4073993123242 818.4150380231231
863.897275923521 654.4511122827242 864.6807250191134 653.1702964291067
44.385322814017634 377.61120580662146 42.00783919273239 383.1111445722154
583.4042148976697 485.0071652116227 581.8950253484908 480.32858320923765
200.79850161474644 837.8371977181711 201.51266818034617 828.8161376301805
139.58096727945468 484.7393570328844 132.196686747424 484.1858185632605
438.1839862553069 422.04919474201387 436.5374937755912 418.8888850371379
8.630929166728363 26.90548825022365 3.685684578111201 28.301608481497563
310.699446022034 313.71510093699993 310.6054942757453 313.96343243766523
508.37387089203764 808.8933254036519 508.67752609513377 814.1514962855572
12.892469618241421 46.30649792648845 10.471460453334302 44.31177135040808
1.1364253186419981 285.00599450461175 1.4993271523369298 282.4107054868967
847.312233646787 168.15513246330448 841.2649470696872 170.13180505637888
414.9133091253109 173.89268367813204 415.97975199491435 175.99443968349408
739.8521060914103 201.80770698402839 734.4694733540333 195.60488830947523
32.403871223371624 745.5061995895676 37.41900867812827 754.0565852385474
433.54369600944955 274.4642058713026 437.5650556679759 265.9443706226234
661.5867212532994 573.9192455674939 662.3219630710082 573.6990134760272
614.8814716078431 332.25461071400844 614.1588824274032 334.6884354962289
808.720421168759 349.90274896175634 803.8773038935415 355.1723977028109
849.0116508076197 376.0353647945949 848.9631317344698 376.1975536483682
924.3065528369385 590.2755581000577 923.1784462092419 588.1203907585856
320.43491309788266 819.6859479193886 323.9943347290804 814.4200097344125
196.42973940523422 417.834903493096 205.1356732747409 417.93103569191146
498.58930012694515 605.4617050055118 496.0010484036748 598.135020396915
834.5438097149625 950.5311746503273 839.2516585675662 943.5664760264967
469.62342298485015 301.20169060994374 472.4733827820573 310.1846211289373
192.41247816528184 362.7096931062117 192.85341090919516 358.03807288736533
312.0058735743849 587.9238824914528 314.7631710850851 586.3745143350247
201.88380213260592 310.73026821539776 193.94604995781037 306.8250495127038
79.52227028266722 507.19266330808455 87.2889158704748 508.60817754249587
603.744298180458 86.44381152248837 600.9914651095662 85.93774646279343
67.25079071286221 628.6398110561081 66.69504620635037 631.9859170815315
92.30084978220832 682.7094878024932 94.79193777942652 683.5972488768257
769.7481643748829 686.971986143755 771.9220756115669 685.4597800014848
583.5725287496246 394.78872560156066 576.3351789056113 391.2165337062235
582.7930896100711 208.21884516498855 583.4924524393938 208.38051425873292
65.11297444454523 444.0924050057508 74.71428820799476 443.79648290593343
548.8690618736026 323.5538723062231 540.0348150442533 322.5566753544898
145.40761217118992 106.3340522711469 145.55311061149172 115.87459672415352
104.14437388075837 635.8978908537481 104.63066045424706 639.0591051272819
773.1372908431229 441.46840750884695 772.8807649573571 441.49974094163133
698.896647469744 327.14415131863706 703.1466396282726 321.87696675205024
728.3375565697636 171.73759586047976 732.0773909727827 167.22147412258846
710.578878624326 565.4327432820005 708.2188144083314 564.1619883967289
36.88733076982964 992.2003633302875 34.9186471500497 1001.01761943309
565.7396226584151 936.8248820762537 565.7676957477886 936.5966916189112
452.460805297525 697.3130681801039 452.5170788717648 697.8420057367995
202.89146362833065 647.8302384071802 207.1498768274469 649.2217535087368
814.2594170154753 804.4460585084184 819.6198323759388 805.8035896797578
430.47509598694353 23.00640758762229 422.3970706832099 22.772175808096407
573.0802802621041 6.592949616449961 572.7413433328719 6.618170996926985
557.4725440234772 661.1022493434051 555.6863281123957 657.919635097076
250.8317823890932 550.7108241112244 256.16548083491745 547.746387760533
26.867681639373142 26.910704559500175 25.33071596587668 28.279733373009723
123.74857599092238 107.80485897090797 122.74615530047281 103.26712141935782
47.06386019454367 578.2428674133959 55.93483016655952 581.2209869394723
5.442383508883708 670.4454724309976 11.903405760470347 671.1143169298638
759.4932660928233 512.3816111916373 751.3784264288314 514.769160109838
2.260127922011468 912.7297068628741 0.19378062275224872 910.5614637739195
872.5528881928295 42.794369788019424 870.428453299527 42.863621650878216
573.0677428112639 764.7720923225916 575.1484559818307 759.9925682014449
313.822306906793 398.8866418057129 314.8727094237667 405.7039877451602
939.0377021820838 987.4511310895815 940.6599484891594 990.4966289802186
640.036397010986 137.70298388533973 640.5721385417623 133.15647971630875
204.04503390639638 655.2390115540948 210.08212463248574 662.7416278156231
476.7065392527184 180.964887082816 471.70054571802416 178.98350582394238
185.29981590413502 857.623667201539 194.80958257221178 856.4965443887451
798.1901336767145 915.7923415687229 796.0478937264951 925.0539598551929
171.8999178667293 348.07715565704586 171.99044039650087 350.2307693021429
524.0375083063811 478.4273645723175 523.3476663078778 478.6680431245581
397.6602017987516 49.049260088244836 399.8940418188814 56.02609896727099
277.99128872096657 530.3042471287434 278.71470248603504 528.8059462178564
225.49534892840683 101.82136623229331 225.70347036037873 102.62254772146773
515.497989726285 902.5131267792619 506.1434797445976 903.7882198961602
225.26578766983363 822.1465400774146 218.88582293205306 829.5232372968817
85.46328667166792 288.12810317559035 79.02538765853066 286.80601665522903
53.52494284518994 395.6392779045614 45.888616240521785 393.75086808568506
705.2985317317095 799.5455694165998 705.3230207935835 799.61839994518
139.98171811503136 578.9984626243042 137.72857587031308 575.3371154366145
570.8579919307562 527.6747992953617 576.8272562572669 528.415282381541
66.69677669427465 202.07078770219366 70.8150668376847 201.12680138835134
643.1513462955279 957.6197056410412 645.5291611025336 958.9271055188046
875.0769314400704 876.7052002406792 874.8121493631546 877.5480762361138
883.0173264658167 120.75021683118625 884.9190352981278 125.07616399009423
514.098898069211 500.57417032323116 516.8514638641094 501.4636249136891
19.725655912603447 127.11724026444526 20.832676980148964 125.04721544086082
189.6434911897813 876.139474347866 189.61485821278524 876.7224658115781
766.3932667142673 834.6286692480429 764.9078410195963 830.8782274125197
217.90840062363614 13.653547353974504 213.0720434615783 8.55658636110278
975.3382961595495 184.74689038859026 979.8327060700796 185.76691447651385
807.5928163309347 782.6382442486039 803.6356874062001 791.2878123199831
72.72873548435533 246.6518714522432 73.34788329400051 245.94798118935157
605.0905593739722 531.2351470719656 605.6910892454957 530.2328206825671
207.30850620756712 919.7743777415992 201.6116508354636 919.6287905720557
860.0957621663163 75.15729043310316 855.68934857372 74.42144566804902
436.16772763626886 753.4524294725434 431.5287848147962 747.7742445070622
353.7467946795029 135.76226903543642 359.85681380242016 138.32120521573154
69.76416217304148 228.99817877581796 71.72968670412736 229.07049955896736
291.9913451284508 994.2994620715566 292.63983020842335 1002.2712465894621
441.996937220272 583.4125869354776 449.7414989530943 578.0236132058543
467.22178179819787 790.832753104257 472.891081864977 784.8927003041839
83.80055060607627 684.2354217188295 81.57104926390181 678.237368794117
952.7746102000431 881.4291972173083 948.4771081674843 880.4942377769007
416.7747795035346 215.2175222957149 416.44394324883126 219.86253467571922
450.0703696322099 709.1335924970451 442.88702416017 707.5441584531104
600.531758373053 954.5283926481293 600.5337136813799 950.8498068998972
17.403958934511856 981.6932451712637 14.626641694963006 980.4721070384336
922.4599630546388 127.4956562140025 921.0448688234228 129.70844990372132
488.84965247144197 93.5192675041634 493.1525518432185 91.11425386402342
353.2087456941613 236.59760774231066 353.87798923668987 236.00920672791955
567.5641845844276 483.63005886934974 561.9684121389248 481.6909137636737
506.82478531409316 631.1105527365835 512.6992122078829 639.2001912626506
883.4336477717064 14.38696644835058 879.2869337362532 21.354907201758913
595.7006033118104 105.54986654606746 592.7948781205739 104.8208638023878
730.227155295752 607.3622882414534 727.8547103404759 602.8557266470737
653.8283478939875 75.93428468860697 657.4666041633 78.06978091116954
580.2098593128062 640.0019066690954 584.575853283842 638.1615580411088
272.2605304908154 953.8637808842802 275.08996945052405 956.973451242897
365.2390035220373 880.2779565651601 367.20540882163607 882.5147717118198
671.0510523888522 396.73250362308266 677.2138071933333 399.5356096118794
860.67618238105 546.0296185614012 860.7261759427845 545.9369254454607
45.23841323636346 940.450342958029 44.50832137749865 938.4224106930898
898.5567570734454 277.33762028424246 898.0602317918882 271.0193599452117
300.75203970490304 869.7344705397733 300.83214555766585 867.8122963034733
399.0017405634351 140.3667268456723 399.21849985273514 140.21291323597657
761.5280498633037 726.9132805052587 756.2855165916341 728.4685621975642
963.3970282232552 252.00646838154518 966.8880238159062 251.19181964497866
144.62673286127992 511.9724159710051 149.87974183984247 514.0073547857473
406.506338937751 957.838377648306 413.32512363924496 961.1249974933693
992.6505673551799 629.8445367644539 993.7123289890806 628.7275109191633
572.4373412246545 542.8139969688 562.5964860829077 544.4387306720068
880.8423583093135 81.01040706705653 881.2836481175561 79.32682625041936
764.435272915227 302.40802031627766 761.0255826925493 295.3527269418454
311.1385402865605 996.621923442611 319.70988115076256 995.4103153089072
431.1911338221023 558.5719490508344 424.9743137117688 557.9057080331982
602.7179453428517 411.090958214538 600.3251935786875 409.28981090583096
833.2076631447701 897.6358552477644 834.9924833542362 897.2352912029104
46.98183153811386 379.3991191176911 46.05786176684786 377.2849680766475
416.4549858459939 797.9284383250624 414.60464860554083 797.2337669097822
164.71519626392072 379.81958021616833 162.04842229389575 386.1444175556166
278.2079972874515 368.6721666504488 272.2442666097264 375.0393256003289
463.28341958159837 750.0564100866161 458.3958568048226 754.5084041422258
659.058714534922 97.10634866417823 659.1539967105147 96.81849364791766
190.71059442461558 398.6771516255188 188.18720463326233 406.2794488658602
777.5405472543475 544.9968484456815 777.5582087758693 545.0068734857365
546.1867932634804 136.5713451540278 547.5568363501251 143.26815669969736
124.3689174622612 710.0098623917532 125.94379100697809 708.166397192145
793.2473419197 610.8447745775602 793.128337898409 610.8768684383546
468.9787966245373 88.65264312543741 469.0725223885439 87.23595967881042
96.53365469011521 230.42647253001613 92.19396275442077 232.55303524646664
779.0192318445924 169.4546696584802 776.6334962079386 168.94750831865028
357.52291761263143 18.108684170011212 354.9245155017632 18.481502474325723
414.22074070917137 631.4798000238658 413.66318315310986 635.1202570794314
497.10438739430083 557.9496572969491 490.20787527404906 563.4245029113883
244.12440721250218 334.8255640743396 243.70360770976876 338.0468665915484
755.3202384352911 469.8574957791689 750.4794627289748 464.8826100470128
783.1323255684687 639.2760752415265 789.1302914055178 643.6280261799527
63.868931624721846 720.6628255896188 63.37276921096316 721.3612380000271
154.4478252425875 503.1254639794369 163.02309968483905 498.54232555462096
516.7140048057489 395.6279112825254 516.8098549416437 395.189309369613
275.0933599969102 665.2767979931555 275.13635584929193 665.1468271587065
531.3416125515622 261.1784496357586 526.2851885597037 259.88411726706727
370.29005699248177 308.99391287914904 376.39565520927795 310.8222336971373
325.2736296975282 531.6367483158095 329.1743108269309 530.3821629840163
763.8987381455703 824.9112831365526 765.9506899207133 820.16024823382
836.8818963935638 903.1300046877491 839.2693512827506 904.5203710238949
499.0002549136145 228.53448431634337 499.8822245635177 229.0958866442442
187.54877072743258 922.8249096740934 192.15191561013089 916.7672838300708
999.8120971966322 520.2977018387597 995.5015849129484 517.0006632725778
841.2591140153488 794.6800799431378 832.172317224042 792.4522066155114
495.9696528504591 107.01434229705397 497.077844511275 109.3668116272111
705.2775565901742 768.5812485725024 703.4908060065479 777.2174495882649
663.6778022836934 693.2567679803121 665.363557120376 694.4601110203237
761.0912278093793 225.7626836968839 760.0079857411183 226.0721066096497
949.9730522292646 383.3372924067927 951.7519682096814 384.98270994361843
825.7339670135729 995.727311072237 821.3147285594455 988.4337330111555
343.09475475796427 117.52490248511371 342.81341722973656 119.97762383555057
958.9266345316597 781.336931467889 962.6403280551688 781.6267644135667
27.595103708170974 40.812025750624706 30.682537333529574 40.58434543916493
621.1094002867753 791.9522794636011 630.4441281304138 791.6209492794292
464.58601100179277 409.85358397059247 458.91937547608126 407.6367540102287
415.46095886540155 137.5764209599355 414.1520335156122 137.47371431218338
742.9771738573991 736.1368317791296 746.6622759613617 734.4874076140768
81.5722206405528 613.1153085965651 91.16392683668366 615.8922897793498
568.1231177918033 814.8712562719359 574.4884099468393 808.1936710696727
899.6836174214295 913.3149204878137 906.7928982307591 919.4450204103749
348.66070036075195 315.47651008393854 347.6775038223204 317.744714252774
321.59216438356975 875.0188768494771 316.72007412377604 868.4876933228339
428.1236047822563 379.29742145171497 422.2526367751363 374.03913885638843
811.3475945636837 646.0331682020263 817.6070394174701 647.465360776254
761.7290232157502 958.6425708932331 762.4162378830972 955.2572056713143
639.1405395410318 207.9686018163479 633.4988934114369 210.20659263452487
899.7367365528196 138.00007647951108 906.3690785161775 135.29788927431125
662.0477601717369 65.37022977251061 661.5757570336573 64.11857422040694
288.4546578646847 345.2100641266985 283.0176581416078 341.07549512319946
440.16467987489506 941.7852979923728 440.09585083682896 940.6137747204655
80.69270447035781 391.23280448620045 73.88142599345738 385.08291514391556
496.10718428228927 832.855311006115 500.06886670651505 839.778876395791
227.77541310180837 408.07771317922993 224.93845205063684 399.7101847063439
560.3347210861157 322.00331772831447 555.2232112107502 317.397191336185
701.6057779764609 315.0172706135922 698.1481700671341 314.123898221108
50.662639410990586 338.7051336240603 51.934337920306106 340.412663536441
66.15609748588547 706.5933430347752 71.69701808065861 714.8885906621198
667.128346237388 10.434868334325497 672.4897606968622 12.139323787883288
44.11534874880019 761.3860550782031 51.934178590547695 758.2716177301841
896.38463543296 395.6871752389037 898.2502935990276 400.4829965033528
611.2760758834615 351.33279721138535 617.2789488914709 351.09064133672246
111.29852357872694 94.00043088768484 105.04899031445338 97.54821806318988
927.6346890246651 802.3742177464648 926.4352375970808 799.7453572274231
633.5031822447348 306.8460480887063 629.1295569998474 307.78832945500096
400.5382518408017 488.6702631533637 398.864319904395 481.3524232301663
771.3733376260708 736.1289111092955 776.7150797116243 735.9122949282902
719.5806078142024 302.401903751342 726.671966751992 297.56394693195057
737.2554257894766 792.5870272674588 734.7565740768594 797.9119875904115
797.4046349840245 496.516827573124 799.8494540239858 504.74040839953153
746.9468774518467 386.7920395267027 746.482820595601 384.5965160200017
781.5231066561012 322.58065495842646 780.4234775651944 330.46149439967934
239.74538407597524 782.2782451515972 236.09580359403967 781.8230587917094
532.1854986913202 548.3207418365928 524.9699679817081 543.6771681168044
854.0595293808454 883.0649276804412 862.1838544811571 888.4623257018391
250.93603468728364 852.7512267106501 253.0544876258053 851.7662437680816
591.7911243667684 508.6250584736809 592.0544631939256 508.66559653249476
444.6965144910055 325.8119337421066 443.83829858987974 325.2632143524038
256.0870714500937 389.22910427707455 255.59080994440308 386.9104308751837
436.02457368739846 269.49648719681016 439.77280610851653 273.59813708446643
951.8719028652267 792.1151202317093 952.0357272958574 789.2249981824148
674.1328891883022 505.1867093106497 674.3696011528017 505.23524669397267
406.78085677875555 801.8070784490825 413.436785653685 799.1727848679559
162.07461052939266 70.83680666317993 165.81308436220058 68.42131211438029
467.856012299377 443.79498584703106 468.2555890380277 444.30315409748806
818.227967886362 859.4277546529277 814.5954756638832 867.4877001857438
218.28954445990112 787.7333680237954 219.67023181017348 785.3102339597186
461.4713329787497 107.05405938438129 460.3128147374594 108.48481734913184
255.54696870735583 92.57467195634194 253.76912421152315 90.0588613594479
390.87353922918135 405.3275740555276 393.9967171364773 409.0394867169222
519.2783643330309 159.86436725406838 519.7887793484895 160.45954260439655
653.6493204075689 37.30091820690706 660.6645766530607 42.341280441315135
274.5264530529974 369.0230520169945 273.0765517870678 370.8095347986373
420.3658400900503 301.72133864869824 417.9794804674814 304.0224286146231
743.6130005924363 905.5575888175364 741.7143967160251 902.0491301800324
367.99644102663274 568.4241796875143 367.89153584291245 575.0510505713731
178.5041047915109 4.513115451733385 171.88812856532238 2.483549380813911
758.8634915078491 971.2677245637655 759.6326120584929 971.804710198059
579.3453076698141 637.548286476748 578.2265905083842 637.8447497598665
604.4278644340355 184.80308536549506 610.7525264900686 186.48823443139764
206.24194795493 433.7609075132332 207.01380118638855 434.8913733803466
380.08813823873845 468.86648042283554 389.2479607381719 469.3510538642908
310.27721173164304 545.4337882923804 310.520570185975 537.7254768228687
3.3416139538977596 484.2374030806369 1.3770765525481898 486.2578848823409
315.1421834951614 76.4792197905787 314.77241535607993 73.0767661478676
454.00138848154114 541.8427358848512 455.8476415732586 545.9976717110447
540.329599014686 833.964615746323 540.5642560685504 833.3396050991345
607.2516017310705 410.8913242598361 607.394926072867 412.0231151945902
611.9779903450523 848.2368523028877 609.1252332569189 842.900727231858
333.03035155086815 674.8707263239537 332.10150353413104 675.5782096311204
789.8194983945308 410.6878379227412 789.4501055510513 412.1829888234547
897.6321806209622 352.39015022304324 900.3614285632046 354.95691533945313
